9.561466601633896584e-03 9.561493331036834131e-03 9.561670501352950019e-03 3.751538424011277573e-02 3.751528771190261458e-02 8.173219283970703519e-02 8.174169295605085428e-02 1.388686487702172623e-01 1.388647413970010014e-01 2.046359923479142695e-01 2.046389851060619325e-01 2.741922574699303117e-01 2.742887560357966659e-01 3.425096966200090187e-01 3.425110774413387960e-01 4.048514543391432130e-01 4.047947064238851533e-01 4.568620138166074041e-01 4.568506581276701173e-01 4.953986945413367260e-01
9.561475052171974909e-03 9.561449776546434437e-03 9.561485727361611689e-03 3.751507857338277213e-02 3.751534774605507633e-02 8.173146544103038202e-02 8.173370322787321118e-02 1.388641953312346189e-01 1.388646345788945025e-01 2.046344412663315959e-01 2.046365460400278724e-01 2.741917265567775930e-01 2.742072951925272339e-01 3.425123056772533259e-01 3.425091991789706580e-01 4.047947651194677143e-01 4.047975558826772402e-01 4.568505524309968147e-01 4.568517229681402503e-01 4.954091781302736863e-01
9.561456491746340991e-03 9.561608477185637445e-03 9.561422207155195752e-03 3.751525929641805895e-02 3.751500093050439549e-02 8.173195427202568919e-02 8.173153204397143323e-02 1.388662749008471031e-01 1.388649311493067307e-01 2.046364947722342786e-01 2.046387758072597540e-01 2.742005885317086444e-01 2.741927090625521646e-01 3.425138279144178677e-01 3.425093882902262576e-01 4.047930131661710007e-01 4.048027322387439675e-01 4.568623182360516122e-01 4.568613529303588439e-01 4.954049002610275143e-01
9.561439232449214093e-03 9.561487818320838633e-03 9.561453159502086158e-03 3.751537753543121578e-02 3.751524756980711278e-02 8.173168227265996399e-02 8.173156842901475871e-02 1.388642341558875837e-01 1.388639073570686611e-01 2.046349827185559578e-01 2.046353013376907004e-01 2.742066423357706340e-01 2.741930058597855657e-01 3.425094082424415265e-01 3.425123331976854812e-01 4.047944370799735347e-01 4.047946826295579226e-01 4.568564484847069673e-01 4.568505458685597209e-01 4.954018718866007864e-01
9.561454652303092230e-03 9.561456389293787606e-03 9.561425943239752062e-03 3.751533874896673809e-02 3.751507350822628345e-02 8.173194450818323242e-02 8.173131207228902240e-02 1.388642579852451819e-01 1.388654501098541272e-01 2.046372804372529608e-01 2.046347873419738228e-01 2.741927186993222132e-01 2.741930243271693546e-01 3.425132979826022717e-01 3.425236262472696747e-01 4.047946796014922910e-01 4.047946452009997809e-01 4.568532218627568420e-01 4.568566492174626070e-01 4.954007263395804328e-01
9.561432326851360131e-03 9.561444709886953580e-03 9.561499634009706927e-03 3.751513632136776327e-02 3.751506126613638609e-02 8.173147194259842985e-02 8.173158734859767294e-02 1.388649884646774857e-01 1.388649449713655060e-01 2.046360095123598288e-01 2.046368249641844494e-01 2.741927359217609661e-01 2.741917710186907442e-01 3.425204950293213035e-01 3.425104748474214755e-01 4.048008005494071471e-01 4.047939464357831474e-01 4.568524459549092032e-01 4.568548363536377721e-01 4.954060514169088547e-01
9.561431547294000494e-03 9.561464606217411760e-03 9.561438616625379458e-03 3.751508540785825768e-02 3.751510004487675076e-02 8.173152656061667687e-02 8.173291327722176369e-02 1.388657982060788332e-01 1.388658588070685873e-01 2.046352219473234479e-01 2.046366923352261058e-01 2.741918795784600293e-01 2.741952472278890163e-01 3.425101010966205561e-01 3.425105886362899699e-01 4.047928188273824945e-01 4.047930530095508739e-01 4.569065101687286856e-01 4.568510863819648105e-01 4.954002051534244222e-01
9.561459388152762987e-03 9.561457166974334301e-03 9.561449070301233227e-03 3.751514109792986745e-02 3.751523309147215823e-02 8.173219200721605626e-02 8.173146869088565580e-02 1.388651866193465756e-01 1.388642805746600761e-01 2.046357539761142763e-01 2.046369284747392991e-01 2.741933181598427693e-01 2.741929372526745734e-01 3.425116930229438195e-01 3.425117666289114737e-01 4.047955102014608175e-01 4.047926819204578641e-01 4.568502817971321073e-01 4.568590731183773679e-01 4.954002492118764756e-01
9.561464697880935754e-03 9.561450068173210984e-03 9.561450422600804161e-03 3.751510463626125946e-02 3.751513780687658339e-02 8.173129436422217620e-02 8.173155763061583368e-02 1.388646384802935674e-01 1.388642436398407343e-01 2.046359517243341031e-01 2.046359483079272790e-01 2.741932494145423171e-01 2.741966935241071934e-01 3.425098773213485215e-01 3.425130486709396793e-01 4.047938635425142873e-01 4.047945592573299334e-01 4.568507011511904192e-01 4.568514801847873286e-01 4.954003044093089336e-01
9.561481063497629176e-03 9.561470034643962043e-03 9.561468521217215272e-03 3.751507283558237760e-02 3.751503627574491462e-02 8.173196178488158214e-02 8.173178741157877125e-02 1.388641533027584474e-01 1.388644865703498599e-01 2.046362032274049447e-01 2.046355203844804627e-01 2.741931336204917469e-01 2.741932962846030386e-01 3.425118282415553495e-01 3.425164801054814689e-01 4.047931694999060137e-01 4.047940033875619403e-01 4.568525219921920622e-01 4.568514925048710040e-01 4.954006894619981116e-01
9.561436707355215614e-03 9.561452208163588595e-03 9.561446180815469723e-03 3.751539013428462771e-02 3.751512824654779782e-02 8.173157569290649682e-02 8.173195279934145074e-02 1.388646197905374358e-01 1.388660448264872060e-01 2.046354149026567149e-01 2.046367360799332680e-01 2.741931956143119353e-01 2.741926990313737766e-01 3.425111851172799038e-01 3.425106484305354693e-01 4.047932189521585844e-01 4.047937418703438928e-01 4.568515453853415620e-01 4.568510506438774876e-01 4.954003361606914568e-01
9.561446556020754967e-03 9.561441200680033739e-03 9.561459812785859033e-03 3.751520234833360945e-02 3.751517616631776242e-02 8.173182142538691630e-02 8.173178971493463840e-02 1.388649807521916968e-01 1.388655398920962958e-01 2.046353807563451865e-01 2.046363977554360170e-01 2.741930554656641372e-01 2.741926028243383828e-01 3.425107583018670021e-01 3.425110153487706532e-01 4.047973841202860412e-01 4.047995399735674349e-01 4.568523266006802586e-01 4.568520266230228777e-01 4.954015407387145076e-01
9.561496484778589725e-03 9.561509118728240067e-03 9.561463455970165351e-03 3.751524109127075957e-02 3.751507394479218493e-02 8.173127135808684607e-02 8.173155135301782281e-02 1.388646719040914357e-01 1.388644607379223572e-01 2.046355290300507224e-01 2.046353728589857535e-01 2.741922825003658137e-01 2.741924822824192698e-01 3.425107534268481690e-01 3.425097345076006938e-01 4.047932307763276172e-01 4.047955165801822019e-01 4.568553720819000241e-01 4.568514661998052673e-01 4.954051590213925937e-01
9.561511461522193694e-03 9.561443796998685130e-03 9.561474841672188904e-03 3.751513702584789028e-02 3.751515651492479120e-02 8.173204481412958688e-02 8.173157588950574759e-02 1.388645247377082448e-01 1.388641154887226836e-01 2.046372632792959889e-01 2.046366161598930922e-01 2.741919737936795443e-01 2.741923191675280091e-01 3.425109780380664048e-01 3.425105776211232467e-01 4.047928009717814968e-01 4.048068858617394628e-01 4.568716309608475412e-01 4.568511893690359593e-01 4.953999956123036341e-01
9.561485479427235534e-03 9.561490976537840789e-03 9.561457229869460908e-03 3.751510758261394213e-02 3.751513360903824257e-02 8.173176368699569538e-02 8.173169186209719439e-02 1.388654189757089763e-01 1.388646222758723181e-01 2.046357912557399961e-01 2.046363930037832513e-01 2.741928469248279820e-01 2.741933099756264092e-01 3.425090629945939380e-01 3.425118257962040391e-01 4.048005765364408037e-01 4.047962621286243512e-01 4.568523020052314143e-01 4.568534806806544002e-01 4.954004168507690209e-01
9.561504633745785200e-03 9.561466135889366835e-03 9.561514603587031175e-03 3.751522417124105585e-02 3.751509869874616876e-02 8.173163742134663401e-02 8.173137557667553565e-02 1.388647169584304730e-01 1.388649384388254693e-01 2.046356904161966417e-01 2.046359231003744006e-01 2.741928439854718347e-01 2.741933967895652802e-01 3.425100108804562393e-01 3.425096042612843505e-01 4.047963212090026630e-01 4.047943073280000359e-01 4.568508164483826572e-01 4.568557309379681630e-01 4.953998804788762866e-01
9.561498906082601182e-03 9.561447345656639424e-03 9.561440013777138328e-03 3.751521087536308086e-02 3.751504107161545559e-02 8.173145464717358755e-02 8.173167530651782864e-02 1.388646899217445274e-01 1.388643232455115117e-01 2.046347711503891387e-01 2.046366338885433622e-01 2.741937490722141102e-01 2.741940919448576097e-01 3.425133927351302621e-01 3.425102991884267922e-01 4.047960899284016034e-01 4.047956652385936716e-01 4.568537736474176381e-01 4.568523324793742901e-01 4.954008711950537158e-01
9.561461448654134943e-03 9.561460929060919267e-03 9.561468417650462875e-03 3.751511237442085867e-02 3.751508914133655503e-02 8.173146631855358890e-02 8.173187320525079902e-02 1.388643958101625775e-01 1.388643490185788587e-01 2.046354360837487896e-01 2.046354501868257181e-01 2.741926747706172063e-01 2.741934633833973955e-01 3.425115692837786829e-01 3.425132304270832040e-01 4.047959735506939660e-01 4.047978129658058033e-01 4.568521747376724784e-01 4.568523174517491459e-01 4.954005053220108534e-01
9.561478423243294569e-03 9.561469660495170234e-03 9.561434925396192566e-03 3.751522196830216899e-02 3.751520034003980042e-02 8.173157921590844255e-02 8.173164975850580327e-02 1.388655419772470145e-01 1.388648701595324997e-01 2.046384142165537379e-01 2.046371503125398450e-01 2.741930464309196847e-01 2.741930942095259227e-01 3.425106261120656748e-01 3.425107738169065330e-01 4.047946737820579677e-01 4.047945750557273015e-01 4.568521102449956128e-01 4.568526830423190743e-01 4.954000763884790492e-01
9.561449050816824349e-03 9.561442831754574795e-03 9.561455999723494914e-03 3.751511905355382759e-02 3.751510661289107762e-02 8.173150491233505122e-02 8.173144830691039808e-02 1.388651077054972038e-01 1.388649670081272547e-01 2.046358720714792356e-01 2.046356921691764308e-01 2.741928935878218954e-01 2.741935755200222147e-01 3.425111066883881894e-01 3.425106301651152929e-01 4.048012911238770273e-01 4.047970050578798551e-01 4.568528834424715468e-01 4.568509858341742169e-01 4.953996837732931313e-01
